1.06809e-08  7.72525e-10  2.76525e-09  8.38924e-10  8.38856e-10  -2.87197e-09  80.0        -90.0       -180.0      2000        101         0           12          1         
5.75113e-05  4.68267e-08  1.57721e-06  5.11816e-08  5.08526e-08  -1.64886e-06  90.0        -90.0       -180.0      2000        101         0           12          1         
1.06809e-08  7.72525e-10  2.76525e-09  8.38924e-10  8.38856e-10  -2.87197e-09  80.0        -90.0       -135.0      2000        101         0           12          1         
5.76204e-05  4.69155e-08  1.58021e-06  5.12787e-08  5.09491e-08  -1.65199e-06  90.0        -90.0       -135.0      2000        101         0           12          1         
1.06809e-08  7.72525e-10  2.76525e-09  8.38924e-10  8.38856e-10  -2.87197e-09  80.0        -90.0       -90.0       2000        101         0           12          1         
5.77295e-05  4.70044e-08  1.5832e-06  5.13758e-08  5.10456e-08  -1.65512e-06  90.0        -90.0       -90.0       2000        101         0           12          1         
1.06809e-08  7.72525e-10  2.76525e-09  8.38924e-10  8.38856e-10  -2.87197e-09  80.0        -90.0       -45.0       2000        101         0           12          1         
5.78387e-05  4.70933e-08  1.58619e-06  5.14729e-08  5.11421e-08  -1.65825e-06  90.0        -90.0       -45.0       2000        101         0           12          1         
1.06809e-08  7.72525e-10  2.76525e-09  8.38924e-10  8.38856e-10  -2.87197e-09  80.0        -90.0       0.0         2000        101         0           12          1         
5.71839e-05  4.65601e-08  1.56823e-06  5.08902e-08  5.05631e-08  -1.63947e-06  90.0        -90.0       0.0         2000        101         0           12          1         
1.06809e-08  7.72525e-10  2.76525e-09  8.38924e-10  8.38856e-10  -2.87197e-09  80.0        -90.0       45.0        2000        101         0           12          1         
5.7293e-05  4.6649e-08  1.57123e-06  5.09873e-08  5.06596e-08  -1.6426e-06  90.0        -90.0       45.0        2000        101         0           12          1         
1.06809e-08  7.72525e-10  2.76525e-09  8.38924e-10  8.38856e-10  -2.87197e-09  80.0        -90.0       90.0        2000        101         0           12          1         
5.74022e-05  4.67378e-08  1.57422e-06  5.10844e-08  5.07561e-08  -1.64573e-06  90.0        -90.0       90.0        2000        101         0           12          1         
1.06809e-08  7.72525e-10  2.76525e-09  8.38924e-10  8.38856e-10  -2.87197e-09  80.0        -90.0       135.0       2000        101         0           12          1         
5.75113e-05  4.68267e-08  1.57721e-06  5.11816e-08  5.08526e-08  -1.64886e-06  90.0        -90.0       135.0       2000        101         0           12          1         
1.06809e-08  7.72525e-10  2.76525e-09  8.38924e-10  8.38856e-10  -2.87197e-09  80.0        -90.0       180.0       2000        101         0           12          1         
5.75113e-05  4.68267e-08  1.57721e-06  5.11816e-08  5.08526e-08  -1.64886e-06  90.0        -90.0       180.0       2000        101         0           12          1         
2.12608e-05  6.94397e-07  3.77446e-06  2.12608e-05  2.12108e-05  0.0         80.0        -45.0       -180.0      2000        101         0           12          1         
0.00297211  2.30073e-06  7.86004e-05  0.00297211  0.00268754  0.0         90.0        -45.0       -180.0      2000        101         0           12          1         
2.06111e-05  1.02691e-06  4.48098e-06  1.34769e-06  1.34718e-06  -5.09115e-06  80.0        -45.0       -135.0      2000        101         0           12          1         
0.00273185  3.52752e-06  9.5243e-05  4.70449e-06  4.63687e-06  -0.000109967  90.0        -45.0       -135.0      2000        101         0           12          1         
1.9302e-05  1.99548e-06  5.87438e-06  3.34254e-06  3.34151e-06  -7.30098e-06  80.0        -45.0       -90.0       2000        101         0           12          1         
0.00265746  6.87354e-06  0.000133025  1.24525e-05  1.22923e-05  -0.00017886  90.0        -45.0       -90.0       2000        101         0           12          1         
2.02646e-05  3.11906e-06  7.31098e-06  4.86263e-06  4.86173e-06  -8.65191e-06  80.0        -45.0       -45.0       2000        101         0           12          1         
0.00296463  1.05701e-05  0.000174854  1.82873e-05  1.81264e-05  -0.00022969  90.0        -45.0       -45.0       2000        101         0           12          1         
2.20743e-05  2.88793e-06  7.44146e-06  3.51295e-06  3.51257e-06  -8.07251e-06  80.0        -45.0       0.0         2000        101         0           12          1         
0.00313053  9.71062e-06  0.000171975  1.22038e-05  1.21438e-05  -0.000192715  90.0        -45.0       0.0         2000        101         0           12          1         
2.12244e-05  1.77898e-06  5.8788e-06  2.24534e-06  2.2449e-06  -6.52489e-06  80.0        -45.0       45.0        2000        101         0           12          1         
0.00280452  6.16602e-06  0.000129108  7.96356e-06  7.90253e-06  -0.000146678  90.0        -45.0       45.0        2000        101         0           12          1         
1.93093e-05  7.67149e-07  3.76778e-06  8.28452e-07  8.28329e-07  -3.90895e-06  80.0        -45.0       90.0        2000        101         0           12          1         
0.00255384  2.63349e-06  7.89447e-05  2.85312e-06  2.83722e-06  -8.21672e-05  90.0        -45.0       90.0        2000        101         0           12          1         
1.96594e-05  5.98039e-07  3.3719e-06  1.96594e-05  1.96097e-05  0.0         80.0        -45.0       135.0       2000        101         0           12          1         
0.00277817  1.97066e-06  6.99678e-05  0.00277817  0.00248616  0.0         90.0        -45.0       135.0       2000        101         0           12          1         
2.12608e-05  6.94397e-07  3.77446e-06  2.12608e-05  2.12108e-05  0.0         80.0        -45.0       180.0       2000        101         0           12          1         
0.00297211  2.30073e-06  7.86004e-05  0.00297211  0.00268754  0.0         90.0        -45.0       180.0       2000        101         0           12          1         
2.25426e-05  1.78452e-06  6.08284e-06  2.25426e-05  2.25189e-05  0.0         80.0        0.0         -180.0      2000        101         0           12          1         
0.00256957  8.2103e-06  0.00014309  0.00256957  0.00250199  0.0         90.0        0.0         -180.0      2000        101         0           12          1         
2.18185e-05  2.13616e-06  6.48118e-06  1.99322e-05  1.99157e-05  6.12887e-06  80.0        0.0         -135.0      2000        101         0           12          1         
0.00260048  9.55669e-06  0.000155537  0.000687128  0.000671558  0.00113336  90.0        0.0         -135.0      2000        101         0           12          1         
2.13958e-05  2.2124e-06  6.51184e-06  2.13958e-05  2.1379e-05  0.0         80.0        0.0         -90.0       2000        101         0           12          1         
0.00257131  9.79939e-06  0.000156667  0.00257131  0.00251451  0.0         90.0        0.0         -90.0       2000        101         0           12          1         
2.14069e-05  2.80937e-06  7.22573e-06  2.09654e-05  2.09528e-05  3.0414e-06  80.0        0.0         -45.0       2000        101         0           12          1         
0.00239071  1.37863e-05  0.000179685  0.00153267  0.00151032  0.00113831  90.0        0.0         -45.0       2000        101         0           12          1         
2.24651e-05  2.12547e-06  6.57192e-06  7.36694e-06  7.36193e-06  -1.05414e-05  80.0        0.0         0.0         2000        101         0           12          1         
0.00250532  9.86088e-06  0.000155168  4.55871e-05  4.48173e-05  -0.000331234  90.0        0.0         0.0         2000        101         0           12          1         
2.45006e-05  1.69109e-06  6.20663e-06  9.8957e-06  9.88494e-06  -1.2014e-05  80.0        0.0         45.0        2000        101         0           12          1         
0.00289924  7.47021e-06  0.000144536  6.70853e-05  6.5122e-05  -0.000428647  90.0        0.0         45.0        2000        101         0           12          1         
2.53468e-05  1.10865e-06  5.17842e-06  2.53468e-05  2.52967e-05  0.0         80.0        0.0         90.0        2000        101         0           12          1         
0.0029596   4.90678e-06  0.000117305  0.0029596   0.0028093   0.0         90.0        0.0         90.0        2000        101         0           12          1         
2.41218e-05  1.28651e-06  5.41554e-06  2.41218e-05  2.4083e-05  0.0         80.0        0.0         135.0       2000        101         0           12          1         
0.00280052  5.74432e-06  0.000124077  0.00280052  0.0026858   0.0         90.0        0.0         135.0       2000        101         0           12          1         
2.25426e-05  1.78452e-06  6.08284e-06  2.25426e-05  2.25189e-05  0.0         80.0        0.0         180.0       2000        101         0           12          1         
0.00256957  8.2103e-06  0.00014309  0.00256957  0.00250199  0.0         90.0        0.0         180.0       2000        101         0           12          1         
7.59551e-06  2.54784e-07  1.36572e-06  3.53754e-07  3.53484e-07  1.59837e-06  80.0        45.0        -180.0      2000        101         0           12          1         
0.00089835  1.17308e-06  3.14111e-05  1.64953e-06  1.61974e-06  3.72379e-05  90.0        45.0        -180.0      2000        101         0           12          1         
8.00743e-06  1.86847e-07  1.20643e-06  8.00743e-06  7.97654e-06  0.0         80.0        45.0        -135.0      2000        101         0           12          1         
0.000928175  8.83238e-07  2.73642e-05  0.000928175  0.000848673  0.0         90.0        45.0        -135.0      2000        101         0           12          1         
7.90245e-06  1.53011e-07  1.08631e-06  7.90245e-06  7.8654e-06  0.0         80.0        45.0        -90.0       2000        101         0           12          1         
0.000968501  6.98296e-07  2.44813e-05  0.000968501  0.00085898  0.0         90.0        45.0        -90.0       2000        101         0           12          1         
7.61653e-06  2.09264e-07  1.24293e-06  7.61653e-06  7.59168e-06  0.0         80.0        45.0        -45.0       2000        101         0           12          1         
0.000956203  9.16614e-07  2.83094e-05  0.000956203  0.000875248  0.0         90.0        45.0        -45.0       2000        101         0           12          1         
7.72386e-06  2.34964e-07  1.3245e-06  7.72386e-06  7.70127e-06  0.0         80.0        45.0        0.0         2000        101         0           12          1         
0.000940384  1.05609e-06  3.03359e-05  0.000940384  0.000872443  0.0         90.0        45.0        0.0         2000        101         0           12          1         
7.99734e-06  1.95902e-07  1.23394e-06  2.4499e-07  2.44807e-07  1.37556e-06  80.0        45.0        45.0        2000        101         0           12          1         
0.000958997  8.99628e-07  2.80589e-05  1.13224e-06  1.1121e-06  3.14743e-05  90.0        45.0        45.0        2000        101         0           12          1         
7.82888e-06  1.55619e-07  1.09025e-06  7.82888e-06  7.79377e-06  0.0         80.0        45.0        90.0        2000        101         0           12          1         
0.000956484  7.14894e-07  2.46707e-05  0.000956484  0.000852092  0.0         90.0        45.0        90.0        2000        101         0           12          1         
7.45419e-06  1.89297e-07  1.17059e-06  7.45419e-06  7.42805e-06  0.0         80.0        45.0        135.0       2000        101         0           12          1         
0.000929354  8.42627e-07  2.66822e-05  0.000929354  0.000845746  0.0         90.0        45.0        135.0       2000        101         0           12          1         
7.59551e-06  2.54784e-07  1.36572e-06  3.53754e-07  3.53484e-07  1.59837e-06  80.0        45.0        180.0       2000        101         0           12          1         
0.00089835  1.17308e-06  3.14111e-05  1.64953e-06  1.61974e-06  3.72379e-05  90.0        45.0        180.0       2000        101         0           12          1         
1.08564e-05  1.14787e-07  1.10528e-06  1.08564e-05  1.07574e-05  0.0         80.0        90.0        -180.0      2000        101         0           12          1         
0.000289147  1.70624e-07  6.45179e-06  0.000289147  0.000244131  0.0         90.0        90.0        -180.0      2000        101         0           12          1         
1.08564e-05  1.14787e-07  1.10528e-06  1.08564e-05  1.07574e-05  0.0         80.0        90.0        -135.0      2000        101         0           12          1         
0.000289147  1.70624e-07  6.45179e-06  0.000289147  0.000244131  0.0         90.0        90.0        -135.0      2000        101         0           12          1         
1.08564e-05  1.14787e-07  1.10528e-06  1.08564e-05  1.07574e-05  0.0         80.0        90.0        -90.0       2000        101         0           12          1         
0.000289147  1.70624e-07  6.45179e-06  0.000289147  0.000244131  0.0         90.0        90.0        -90.0       2000        101         0           12          1         
1.08564e-05  1.14787e-07  1.10528e-06  1.08564e-05  1.07574e-05  0.0         80.0        90.0        -45.0       2000        101         0           12          1         
0.000289147  1.70624e-07  6.45179e-06  0.000289147  0.000244131  0.0         90.0        90.0        -45.0       2000        101         0           12          1         
1.08564e-05  1.14787e-07  1.10528e-06  1.08564e-05  1.07574e-05  0.0         80.0        90.0        0.0         2000        101         0           12          1         
0.000289147  1.70624e-07  6.45179e-06  0.000289147  0.000244131  0.0         90.0        90.0        0.0         2000        101         0           12          1         
1.08564e-05  1.14787e-07  1.10528e-06  1.08564e-05  1.07574e-05  0.0         80.0        90.0        45.0        2000        101         0           12          1         
0.000289147  1.70624e-07  6.45179e-06  0.000289147  0.000244131  0.0         90.0        90.0        45.0        2000        101         0           12          1         
1.08564e-05  1.14787e-07  1.10528e-06  1.08564e-05  1.07574e-05  0.0         80.0        90.0        90.0        2000        101         0           12          1         
0.000289147  1.70624e-07  6.45179e-06  0.000289147  0.000244131  0.0         90.0        90.0        90.0        2000        101         0           12          1         
1.08564e-05  1.14787e-07  1.10528e-06  1.08564e-05  1.07574e-05  0.0         80.0        90.0        135.0       2000        101         0           12          1         
0.000289147  1.70624e-07  6.45179e-06  0.000289147  0.000244131  0.0         90.0        90.0        135.0       2000        101         0           12          1         
1.08564e-05  1.14787e-07  1.10528e-06  1.08564e-05  1.07574e-05  0.0         80.0        90.0        180.0       2000        101         0           12          1         
0.000289147  1.70624e-07  6.45179e-06  0.000289147  0.000244131  0.0         90.0        90.0        180.0       2000        101         0           12          1         
